3
4
5
6
7
9
10
11
12
13
14
15
16
18
22
23
24
25
27
28
29
30
31
32
35
37
39
40
41
42
43
45
47
48
49
50
51
53
54
55
56
59
61
187
188
219
285
329
333
334
335
336
337
338
377
446
450
451
452
458
460
463
464
466
469
470
475
481
679
694
717
721
724
733
738
745
747
748
750
753
756
757
764
765
767
774
778
786
788
795
796
798
801
802
810
811
814
820
825
826
827
831
839
840
841
844
852
853
854
860
880
886
895
900
906
907
908
909
915
925
930
931
934
939
940
941
949
966
968
973
984
987
996
1048
1049
1050
1054
1063
1068
1071
1073
1100
1111
1115
1169
1412
1442
1443
1444
1446
1447
1448
1451
1453
1461
1462
1464
1480
1486
1488
1490
1494
1495
1498
1499
1506
1508
1510
1511
1512
1520
1523
1590
1596
2068
2074
2076
2079
2280
2285
2867
3022
3481
3485
3510
3512
3540
3543
3549
3560
3561
3566
3567
3573
3602
3620
3647
3686
3711
3731
3735
3739
3748
3779
3797
3889
3891
3896
3897
3902
3903
3904
3913
3917
3918
3950
3952
3953
3954
4153
4729
4774
4828
4850
4883
5012
5040
5514
6332
7592
7593
9890
9892
9910
9945
9946
9952
9956
9957
9960
9964
9965
9971
9974
9976
9977
9978
9979
9981
9984
9985
9986
9987
10089
10093
10101
12732
14951
14952
14954
14964
14965
14967
14969
14970
23381
23499
23517
34539
40496
40646
40663
40668
40669
40680
40682
40686
40690
40693
40705
40706
40710
40711
40966
40975
40981
40982
40994
41027
41138
41147
41150
41159
41161
41166
41167
41168
41169
41430
41538
41919
41976
42172
42261
42544
42585
42638
52948
125920
125921
125922
145793
145799
145847
145977
145984
146024
146032
146047
146063
146065
146192
146195
146206
146210
146212
146606
146607
146800
146817
146818
146819
146820
146821
146822
146824
146825
167119
167120
167121
167124
167125
167140
167141
167211
168329
168330
168331
168332
168335
168337
168338
168340
168868
168908
168909
168910
168911
168912
189354
189355
189356
190408
190410
190418
190420
202395
359942
360948
360966
361002
361003
361089
